10,140
10,16
10,158
10,242
10,214
10,138
10,276
11,14
11,16
11,6
11,24
11,22
11,26
11,20
9,4
9,6
8,11
8,10
8,13
8,4
8,14
75,3
75,1
74,3
74,2
74,1
73,3
73,1
72,3
72,1
71,3
71,1
70,3
70,1
20,3
20,2
20,1
19,3
19,2
19,1
12,3
12,2
12,1
11,19
11,17
11,15
11,11
11,7
11,3
11,2
11,1
10,271
10,165
10,139
10,135
10,115
10,105
10,99
10,19
10,3
18,1
10,2
18,3
10,1
9,7
9,5
14,1
9,3
14,3
9,2
13,1
13,3
9,1
8,17
8,16
8,15
8,12
8,8
8,7
8,5
8,3
8,2
8,1
3,3
3,2
3,1
2,3
2,2
2,1
0,472
0,386
0,243
0,9
0,0
81,34
81,33
81,32
81,31
81,30
81,29
81,28
81,27
81,26
81,25
81,24
81,23
